Outputs for the Crude Oil Correlations code

            WTI Crude        XLE        DXY        HYG    CAD/JPY         TLT
Date                                                                         
2020-07-01  39.820000  35.117451  97.199997  77.918556  78.970001  161.092316
2020-07-02  40.650002  35.507328  97.320000  78.491982  79.211998  161.259857
2020-07-05  40.650002  35.507328  97.320000  78.491982  79.389000  161.259857
2020-07-06  40.630001  35.611931  96.790001  79.055862  79.294998  160.599426
2020-07-07  40.619999  34.480331  96.879997  78.530220  79.049889  162.856827
2020-07-08  40.900002  34.451805  96.430000  78.740486  79.363998  162.206223
2020-07-09  39.619999  32.749657  96.699997  78.568451  78.930000  164.788864
2020-07-10  40.549999  33.795673  96.650002  78.836060  78.930000  163.960846
2020-07-12  40.549999  33.795673  96.650002  78.836060  78.613968  163.960846
2020-07-13  40.099998  33.614998  96.459999  78.405991  78.816002  164.503021
2020-07-14  40.290001  34.794140  96.260002  79.074974  78.839996  164.739624
2020-07-15  41.200001  35.545364  96.080002  79.524155  79.134003  163.970688
2020-07-16  40.750000  35.383709  96.349998  79.600624  79.032997  164.749466
2020-07-17  40.590000  34.889225  95.940002  79.820427  79.032997  164.404434
2020-07-19  40.590000  34.889225  95.940002  79.820427  78.878998  164.404434
2020-07-20  40.810001  34.309170  95.830002  80.298271  79.253998  164.808609
2020-07-21  41.959999  36.382172  95.120003  80.670998  79.438004  164.907166
2020-07-22  41.900002  35.935242  94.970001  80.833473  79.875000  165.400055
2020-07-23  41.070000  35.868675  94.690002  80.776123  79.707001  167.332138
2020-07-24  41.290001  35.668980  94.440002  80.852600  79.707001  167.322266
2020-07-26  41.290001  35.668980  94.440002  80.852600  78.987999  167.322266
2020-07-27  41.599998  35.707020  93.669998  81.043724  78.915001  166.701248
2020-07-28  41.040001  35.098434  93.760002  80.833473  78.556999  167.854553
2020-07-29  41.270000  35.830639  93.260002  81.282669  78.723999  167.568726
2020-07-30  39.919998  34.423286  93.019997  81.454681  78.029999  168.672775
2020-07-31  40.270000  34.261623  93.489998  81.607590  78.029999  168.564346
2020-08-02  40.270000  34.261623  93.489998  81.607590  79.000000  168.564346
2020-08-03  41.009998  34.385239  93.500000  81.627747  79.155998  167.715652
2020-08-04  41.700001  35.222050  93.379997  81.598969  79.425003  169.314331
2020-08-05  42.189999  35.592911  92.830002  81.742897  79.571999  167.834061
2020-08-06  41.950001  35.307636  92.790001  81.925194  79.269997  168.771561
2020-08-07  41.220001  35.355179  93.440002  81.723701  79.269997  167.646561
2020-08-09  41.220001  35.355179  93.440002  81.723701  79.059998  167.646561
2020-08-10  41.939999  36.448738  93.580002  81.762070  79.366997  166.896530
2020-08-11  41.610001  36.325119  93.629997  81.023232  80.016998  164.912979
2020-08-12  42.669998  36.686466  93.440002  81.042427  80.662003  163.412949
2020-08-13  42.240002  35.973274  93.339996  80.821716  80.921997  161.666229
2020-08-14  42.009998  36.315605  93.099998  80.677795  80.921997  161.034637
2020-08-16  42.009998  36.315605  93.099998  80.677795  80.389000  161.034637
2020-08-17  42.889999  36.106403  92.849998  81.157570  80.139999  161.439224
2020-08-18  42.889999  35.649967  92.269997  81.282318  79.973000  162.593857
2020-08-19  42.930000  35.241074  92.889999  81.052032  80.282997  161.577393
2020-08-20  42.580002  34.480331  92.790001  81.320679  80.212997  163.037979
2020-08-21  42.340000  34.261623  93.250000  81.311096  80.212997  164.014938
2020-08-23  42.340000  34.261623  93.250000  81.311096  80.320000  164.014938
2020-08-24  42.619999  35.203037  93.300003  81.685318  80.186996  163.748505
2020-08-25  43.349998  34.708553  93.019997  81.771675  80.815002  162.495178
2020-08-26  43.389999  33.976345  93.010002  81.762070  80.537003  161.873459
2020-08-27  43.040001  34.042912  93.010002  81.637344  81.252998  159.120178
2020-08-28  42.970001  34.651497  92.370003  81.704498  81.252998  159.001694
2020-08-30  42.970001  34.651497  92.370003  81.704498  80.660004  159.001694
2020-08-31  42.610001  33.900276  92.139999  81.589355  81.303001  160.057663
2020-09-01  42.759998  33.672050  92.339996  82.033485  81.080002  161.888351
2020-09-02  41.509998  33.510399  92.849998  82.129822  81.402000  163.429581
2020-09-03  41.369999  33.263157  92.739998  81.619217  80.730003  163.893951
2020-09-04  39.770000  33.158558  92.720001  81.397652  80.730003  160.781860
2020-09-06  39.770000  33.158558  92.720001  81.397652  81.299004  160.781860
2020-09-07  39.770000  33.158558  92.720001  81.397652  81.166000  160.781860
2020-09-08  36.759998  31.950884  93.480003  80.944839  80.038002  161.769821
2020-09-09  38.049999  32.169601  93.260002  81.580688  80.764999  161.335083
2020-09-10  37.299999  30.990461  93.339996  81.195328  80.472000  162.155136
2020-09-11  37.330002  31.018986  93.330002  81.359100  80.472000  162.500900
2020-09-13  37.330002  31.018986  93.330002  81.359100  80.518997  162.500900
2020-09-14  37.259998  31.256718  93.070000  81.272400  80.227997  162.491013
2020-09-15  38.279999  31.028498  93.050003  81.493980  79.872002  162.095840
2020-09-16  40.160000  32.274200  93.209999  81.493980  79.695000  161.611710
2020-09-17  40.970001  32.321747  92.970001  81.407280  79.612999  162.105743
2020-09-18  41.110001  31.960400  92.930000  81.204956  79.612999  161.601852
2020-09-20  41.110001  31.960400  92.930000  81.204956  79.195999  161.601852
2020-09-21  39.310001  30.901045  93.540001  80.549843  78.706001  162.421860
2020-09-22  39.599998  30.582077  93.989998  80.829239  78.982002  162.293442
2020-09-23  39.930000  29.199890  94.389999  80.010361  78.663002  162.510788
2020-09-24  40.310001  29.190228  94.349998  80.058510  78.964996  163.133194
2020-09-25  40.250000  29.170895  94.580002  79.914001  78.964996  163.133194
2020-09-27  40.250000  29.170895  94.580002  79.914001  78.898003  163.133194
2020-09-28  40.599998  29.857155  94.260002  80.434227  78.926003  162.668854
2020-09-29  39.290001  29.035576  93.889999  80.501678  78.938004  162.856598
2020-09-30  40.220001  28.948586  93.889999  80.829239  79.224998  161.295578
2020-10-01  38.720001  28.059347  93.709999  81.106911  79.432999  161.561630
2020-10-02  37.049999  28.329985  93.839996  81.106911  79.432999  160.958328
2020-10-04  37.049999  28.329985  93.839996  81.106911  79.371002  160.958328
2020-10-05  39.220001  29.180559  93.510002  81.716461  79.732002  157.813354
2020-10-06  40.669998  28.745605  93.830002  81.532616  79.291000  158.663879
2020-10-07  39.950001  29.151564  93.629997  81.822876  79.911003  157.506760
2020-10-08  41.189999  30.243780  93.610001  82.006714  80.365997  158.357300
2020-10-09  40.599998  29.760500  93.059998  82.190529  80.365997  158.327621
2020-10-11  40.599998  29.760500  93.059998  82.190529  80.436996  158.327621
2020-10-12  39.430000  29.837824  93.070000  82.606567  80.334000  158.832016
2020-10-13  40.200001  29.373873  93.529999  82.238914  80.250000  159.969360
2020-10-14  41.040001  29.499527  93.379997  82.035728  79.950043  160.335281
2020-10-15  40.959999  29.857155  93.860001  81.977676  79.643997  160.058350
2020-10-16  40.880001  29.180559  93.680000  81.880928  79.643997  159.613327
2020-10-18  40.880001  29.180559  93.680000  81.880928  79.984001  159.613327
2020-10-19  40.830002  28.561958  93.430000  81.590683  79.952003  159.010010
2020-10-20  41.459999  28.900255  93.070000  81.880928  80.387001  157.496872
2020-10-21  40.029999  28.349314  92.610001  81.871262  79.575996  156.952927
2020-10-22  40.639999  29.518860  92.949997  82.016373  79.862999  155.321091
2020-10-23  39.849998  29.373873  92.769997  82.113136  79.862999  156.270523
2020-10-26  38.560001  28.320318  93.050003  81.387489  79.615997  157.724304
2020-10-27  39.570000  27.953024  92.940002  81.426201  79.377998  158.782578
2020-10-28  37.389999  26.783482  93.410004  80.748940  79.247002  158.930878
2020-10-29  36.169998  27.605061  93.959999  80.981140  78.361000  157.388062
2020-10-30  35.790001  27.759710  94.040001  81.155289  78.522003  155.835388
2020-11-02  36.810001  28.706945  94.050003  81.348656  78.217003  157.002640
2020-11-03  37.660000  28.542629  93.550003  82.048256  79.210999  156.091782
2020-11-04  39.150002  28.581289  93.410004  82.815880  79.776001  159.477783
2020-11-05  38.790001  28.581289  92.529999  83.107376  79.557999  159.754990
2020-11-06  37.139999  27.962690  92.230003  82.815880  79.180000  157.824371
2020-11-09  40.290001  31.954599  92.730003  83.447464  79.278999  154.507690
2020-11-10  41.360001  32.988823  92.750000  83.330872  80.821999  153.616638
2020-11-11  41.450001  32.650524  93.040001  83.301720  80.772003  154.171082
2020-11-12  41.119999  31.596968  92.959999  82.738144  80.717003  156.794739
2020-11-13  40.130001  32.747181  92.760002  83.019928  79.996002  156.586807
2020-11-16  41.340000  34.902618  92.570000  83.486336  79.750999  156.210587
2020-11-17  41.430000  35.260246  92.419998  83.515488  79.947998  157.230331
2020-11-18  41.820000  34.235687  92.320000  83.360008  79.489998  157.685791
2020-11-19  41.740002  34.796291  92.290001  83.641800  79.396004  158.497604
2020-11-20  42.150002  34.612648  92.389999  83.486336  79.337997  159.903488
2020-11-23  43.060001  37.058056  92.510002  83.612648  79.345001  159.170853
2020-11-24  44.910000  38.962189  92.230003  83.865295  79.941002  157.586761
2020-11-25  45.709999  38.053616  91.989998  83.826416  80.410004  157.101639
2020-11-26  45.709999  38.053616  91.989998  83.826416  80.278000  157.101639
2020-11-27  45.709999  37.608997  91.989998  83.962456  80.029999  158.626312
2020-11-30  45.340000  35.530880  91.870003  83.875015  80.158997  158.428314
2020-12-01  44.549999  35.695202  91.309998  84.090599  80.280998  156.092361
2020-12-02  45.279999  36.855080  91.120003  84.324722  80.646004  154.853561
2020-12-03  45.639999  37.241699  90.709999  84.373505  80.863998  156.102264
2020-12-04  46.259998  39.271488  90.699997  84.724693  80.693001  153.812912
2020-12-07  45.759998  38.353249  90.790001  84.685677  81.528999  155.200424
2020-12-08  45.599998  38.923523  90.970001  84.617393  81.231003  155.933807
2020-12-09  45.520000  39.010513  91.089996  84.490562  81.251999  155.418457
2020-12-10  46.779999  40.209053  90.790001  84.646645  81.282997  156.796066
2020-12-11  46.570000  39.745098  90.980003  84.558853  81.758003  157.351028
2020-12-14  46.990002  38.353249  90.709999  84.578362  81.504997  156.914963
2020-12-15  47.619999  39.107170  90.470001  84.841751  81.489998  156.389725
2020-12-16  47.820000  38.913857  90.449997  84.714935  81.580002  155.973450
2020-12-17  48.360001  38.730209  89.820000  84.841301  81.168999  155.560730
2020-12-18  49.099998  38.082615  90.019997  84.909882  81.007004  155.094452
2020-12-21  47.740002  37.347996  90.040001  84.606209  80.747002  155.709534
2020-12-22  47.020000  36.721119  90.650002  84.713951  80.396004  156.513168
2020-12-23  48.119999  37.534096  90.410004  85.096001  80.277000  155.431763
2020-12-24  48.119999  37.338196  90.410004  85.272331  80.580002  156.046875
2020-12-25  48.119999  37.338196  90.410004  85.272331  80.551003  156.046875
2020-12-28  47.619999  37.103123  90.339996  85.380089  80.620003  156.116318
2020-12-29  48.000000  36.858250  90.010002  85.272331  80.728996  155.917892
2020-12-30  48.400002  37.436150  89.629997  85.448654  80.763000  156.255188
2020-12-31  48.520000  37.122715  89.940002  85.517220  80.870636  156.483368
2021-01-01  48.520000  37.122715  89.940002  85.517220  80.522003  156.483368
2021-01-04  47.619999  37.181480  89.879997  85.340889  81.134003  156.294891
2021-01-05  49.930000  38.846615  89.440002  85.370277  80.675003  155.134140
2021-01-06  50.630001  40.031799  89.529999  85.213539  81.005997  151.949524
2021-01-07  50.830002  40.619492  89.830002  85.458443  81.342003  150.610168
2021-01-08  52.240002  40.570518  90.099998  85.585793  81.819000  150.124054
2021-01-11  52.250000  41.207188  90.540001  85.125381  81.748001  149.876038
2021-01-12  53.209999  42.647041  90.050003  85.233131  81.524002  149.756973
2021-01-13  52.910000  42.314014  90.320000  85.487823  81.639000  151.443512
2021-01-14  53.570000  43.567760  90.239998  85.468224  81.767998  150.024841
2021-01-15  52.360001  41.873245  90.779999  85.331100  82.059998  150.620087
2021-01-18  52.360001  41.873245  90.779999  85.331100  81.388000  150.620087
2021-01-19  52.980000  42.715607  90.500000  85.575989  81.322823  151.106216
2021-01-20  53.240002  42.872322  90.470001  85.732712  81.653000  151.255035
2021-01-21  53.130001  41.422680  90.129997  85.683746  82.000999  150.193527
2021-01-22  52.270000  41.207188  90.239998  85.517220  81.820000  150.679642
2021-01-25  52.770000  40.786007  90.389999  85.536804  81.557999  152.455475
2021-01-26  52.610001  39.914261  90.169998  85.409470  81.450996  152.167770
2021-01-27  52.849998  39.375542  90.650002  85.164558  81.609001  152.554703
2021-01-28  52.340000  39.835899  90.459999  85.419258  81.239998  151.711380
2021-01-29  52.200001  38.513588  90.580002  85.193954  81.276001  150.798676
2021-02-01  53.549999  38.787846  91.019997  85.467270  81.757004  150.973495
2021-02-02  54.759998  39.209026  91.199997  85.673737  81.630997  150.000107
2021-02-03  55.689999  40.883957  91.120003  85.742561  82.137001  148.669159
2021-02-04  56.230000  41.334522  91.529999  85.919533  82.113998  148.271866
2021-02-05  56.849998  41.687141  91.040001  86.047340  82.320000  147.030273
2021-02-08  57.970001  43.430634  90.930000  86.302971  82.598000  147.675888
2021-02-09  58.360001  42.970272  90.440002  86.145676  82.587997  147.785156
2021-02-10  58.680000  43.793041  90.370003  86.125999  82.355003  148.768463
2021-02-11  58.240002  43.117195  90.419998  86.165337  82.400002  147.954010
2021-02-12  59.470001  43.753860  90.480003  86.302971  82.460999  146.116516
2021-02-15  59.470001  43.753860  90.480003  86.302971  82.795998  146.116516
2021-02-16  60.049999  44.850895  90.510002  86.165337  83.399002  143.891632
2021-02-17  61.139999  45.516953  90.949997  86.135841  83.474998  144.805420
2021-02-18  60.520000  44.488480  90.589996  86.017845  83.341003  144.219406
2021-02-19  59.240002  45.232899  90.360001  86.027687  83.302002  142.302460
2021-02-22  61.490002  46.800079  90.010002  85.762238  83.737999  141.219788
2021-02-23  61.669998  47.573879  90.169998  85.968697  83.239998  140.812576
2021-02-24  63.220001  49.258606  90.180000  86.057182  83.602997  139.888855
2021-02-25  63.529999  48.308498  90.129997  85.241142  84.685997  137.604385
2021-02-26  61.500000  47.162495  90.930000  84.985535  84.347000  142.153427
2021-03-01  60.639999  48.386860  91.040001  85.939636  83.872002  140.275925
2021-03-02  59.750000  48.122398  90.790001  85.811371  84.508003  140.285904
2021-03-03  61.279999  48.827625  90.949997  85.535103  84.472000  138.764389
2021-03-04  63.830002  49.993225  91.629997  85.209503  84.480003  137.869400
2021-03-05  66.089996  51.864052  91.980003  85.466034  85.139000  138.137894
2021-03-08  65.050003  51.961998  92.309998  84.844429  85.814003  137.063904
2021-03-09  64.010002  51.051075  91.959999  84.962822  86.052002  138.963287
2021-03-10  64.440002  52.344002  91.790001  85.229225  85.855003  139.241730
2021-03-11  66.019997  52.363590  91.419998  85.544968  85.918999  138.237335
2021-03-12  65.610001  52.471336  91.680000  85.308167  86.619003  135.303741
2021-03-15  65.389999  51.873844  91.830002  85.318039  87.491997  136.099304
2021-03-16  64.800003  50.394817  91.870003  85.120697  87.459999  135.552368
2021-03-17  64.599998  50.786610  91.400002  85.239105  87.614998  134.538010
2021-03-18  60.000000  48.504395  91.849998  84.587891  87.876999  133.175644
2021-03-19  61.419998  48.514191  91.919998  84.913490  87.198997  134.001022
2021-03-22  61.549999  48.048946  91.800003  85.219368  86.934998  135.502609
2021-03-23  57.759998  47.346130  92.339996  85.308167  86.870003  136.725815
2021-03-24  61.180000  48.533989  92.529999  85.357498  86.181000  137.461685
2021-03-25  58.560001  48.712170  92.879997  85.505516  86.473999  136.377747
2021-03-26  60.970001  49.919827  92.769997  85.762039  86.629997  135.900421
2021-03-28  60.970001  49.919827  92.769997  85.762039  87.220001  135.900421
2021-03-29  61.560001  49.325897  92.940002  85.811371  87.230003  134.746857
2021-03-30  60.549999  48.900249  93.300003  85.604179  87.385002  135.452911
2021-03-31  59.160000  48.563686  93.230003  86.018578  88.148003  134.697128
2021-04-01  61.450001  49.801041  92.930000  86.200737  88.152000  136.932709
2021-04-04  61.450001  49.801041  92.930000  86.200737  88.070000  136.932709
2021-04-05  58.650002  48.613182  92.599998  86.240334  88.008003  136.335236
2021-04-06  59.330002  48.484497  92.339996  86.388847  87.321999  137.261322
2021-04-07  59.770000  48.652779  92.459999  86.359138  87.082001  136.305359
2021-04-08  59.599998  48.019249  92.059998  86.388847  87.014000  137.430618
2021-04-09  59.320000  47.702488  92.160004  86.329430  87.014000  136.932709
2021-04-11  59.320000  47.702488  92.160004  86.329430  87.526001  136.932709
2021-04-12  59.700001  47.326332  92.139999  86.240334  87.060997  136.872955
2021-04-13  60.180000  47.375828  91.849998  86.299728  86.875000  137.898651
2021-04-14  63.150002  48.692371  91.690002  86.260139  86.990997  137.460480
2021-04-15  63.459999  48.296417  91.669998  86.606644  86.630997  139.760788
2021-04-16  63.130001  47.910366  91.559998  86.428444  86.630997  138.675369
2021-04-18  63.130001  47.910366  91.559998  86.428444  86.839996  138.675369
2021-04-19  63.380001  47.860867  91.070000  86.289848  86.319000  138.277039
2021-04-20  62.439999  46.593819  91.239998  86.141327  85.720001  138.914352
2021-04-21  61.349998  47.187748  91.160004  86.428444  86.379997  139.193192
2021-04-22  61.430000  46.633415  91.330002  86.270035  86.363998  139.800613
2021-04-23  62.139999  47.059063  90.860001  86.497742  86.363998  139.472000
2021-04-25  62.139999  47.059063  90.860001  86.497742  86.353996  139.472000
2021-04-26  61.910000  47.375828  90.809998  86.458138  87.281998  139.272842
2021-04-27  62.939999  47.949959  90.910004  86.339340  87.643997  138.057968
2021-04-28  63.860001  49.603065  90.610001  86.507645  88.189003  138.147583
2021-04-29  65.010002  50.157398  90.610001  86.606644  88.707001  137.739319
2021-04-30  63.580002  48.890347  91.279999  86.567047  88.707001  138.057968
2021-05-02  63.580002  48.890347  91.279999  86.567047  88.959999  138.057968
2021-05-03  64.489998  50.236591  90.949997  86.600815  88.809998  138.140747
2021-05-04  65.690002  50.266285  91.290001  86.551147  88.871002  139.078186
2021-05-05  65.629997  51.889694  91.309998  86.720024  89.014000  139.307541
2021-05-06  64.709999  52.156963  90.949997  86.690216  89.704002  139.536911
2021-05-07  64.900002  53.087456  90.230003  86.749817  89.704002  138.848801
2021-05-09  64.900002  53.087456  90.230003  86.749817  89.598000  138.848801
2021-05-10  64.919998  53.107254  90.209999  86.551147  89.989998  137.442673
2021-05-11  65.279999  51.741215  90.139999  86.461746  89.858002  136.664780
2021-05-12  66.080002  51.988686  90.709999  86.044540  90.472000  135.228745
2021-05-13  63.820000  51.355160  90.750000  86.352470  89.982002  135.438156
2021-05-14  65.370003  52.948872  90.320000  86.630615  89.982002  136.704681
2021-05-16  65.370003  52.948872  90.320000  86.630615  90.320999  136.704681
2021-05-17  66.269997  54.176327  90.220001  86.471680  90.563004  136.415482
2021-05-18  65.489998  52.919174  89.750000  86.263069  90.169998  136.066452
2021-05-19  63.360001  51.602631  90.190002  86.034599  90.056999  135.737350
2021-05-20  62.049999  51.523438  89.809998  86.402153  90.209999  136.854263
2021-05-21  63.580002  51.632324  90.019997  86.531281  90.209999  137.293076
2021-05-23  63.580002  51.632324  90.019997  86.531281  90.240997  137.293076
2021-05-24  66.050003  52.147064  89.830002  86.630615  90.300003  137.801666
2021-05-25  66.070000  51.087891  89.639999  86.640556  90.156998  139.078186
2021-05-26  66.209999  51.543236  90.040001  86.670349  89.991997  138.838821
2021-05-27  66.849998  51.582832  89.970001  86.630615  90.964996  138.280365
2021-05-28  66.320000  51.681820  90.029999  86.600815  90.964996  138.060974
2021-05-30  66.320000  51.681820  90.029999  86.600815  90.986000  138.060974
2021-05-31  66.320000  51.681820  90.029999  86.600815  90.778999  138.060974
2021-06-01  67.720001  53.671486  89.830002  86.860954  90.698997  138.030014
2021-06-02  68.830002  54.671268  89.900002  86.970589  91.017998  138.349579
2021-06-03  68.809998  54.819752  90.500000  86.791183  91.053001  137.830261
2021-06-04  69.620003  55.186008  90.139999  86.980545  91.053001  139.717789
2021-06-06  69.620003  55.186008  90.139999  86.980545  90.739998  139.717789
2021-06-07  69.230003  54.948433  89.949997  87.010452  90.403000  139.288361
2021-06-08  70.050003  55.423580  90.080002  87.070251  90.366997  140.267075
2021-06-09  69.959999  55.077118  90.120003  87.140022  90.459999  141.505478
2021-06-10  70.290001  55.007828  90.080002  87.299484  90.430000  142.354355
2021-06-11  70.910004  54.819752  90.559998  87.329391  90.430000  142.124664
2021-06-13  70.910004  54.819752  90.559998  87.329391  90.209999  142.124664
2021-06-14  70.879997  54.582176  90.519997  87.249657  90.616997  141.036087
2021-06-15  72.120003  55.621555  90.540001  87.239685  90.334000  140.866302
2021-06-16  72.150002  55.324589  91.129997  87.120094  90.208000  140.746445
2021-06-17  71.040001  53.443813  91.889999  87.179886  89.360001  142.853699
2021-06-18  71.639999  51.859997  92.230003  87.140022  89.360001  145.540207
2021-06-20  71.639999  51.859997  92.230003  87.140022  88.502998  145.540207
2021-06-21  73.660004  54.070000  91.860001  87.309456  89.226997  143.103378
2021-06-22  73.059998  54.430000  91.730003  87.369263  89.876999  143.452927
2021-06-23  73.080002  54.580002  91.800003  87.279556  90.192001  143.083420
2021-06-24  73.300003  55.049999  91.820000  87.548660  90.000000  143.313110
2021-06-25  74.050003  55.340000  91.809998  87.638359  90.000000  141.825043
2021-06-27  74.050003  55.340000  91.809998  87.638359  90.153999  141.825043
2021-06-28  72.910004  53.470001  91.879997  87.628395  89.639999  143.283157
2021-06-29  72.980003  53.209999  92.050003  87.738029  89.156998  143.522842
2021-06-30  73.470001  53.869999  92.440002  87.748001  89.651970  144.162018
2021-07-01  75.230003  54.810001  92.599998  87.919998  89.677002  144.169998
2021-07-02  75.160004  54.810001  92.230003  87.919998  89.677002  144.169998


  WTI Crude         XLE         DXY         HYG     CAD/JPY         TLT
count  291.000000  291.000000  291.000000  291.000000  291.000000  291.000000
mean    52.039038   41.051189   92.109897   84.042615   83.269059  151.165855
std     11.524059    8.628438    1.717958    2.537146    4.163680   10.701252
min     35.790001   26.783482   89.440002   77.918556   78.029999  133.175644
25%     41.110001   34.285397   90.584999   81.607590   79.873501  139.389771
50%     48.400002   38.923523   91.989998   85.096001   81.299004  154.853561
75%     63.035000   48.890347   93.154999   86.266552   87.140499  160.870094
max     75.230003   55.621555   97.320000   87.919998   91.053001  169.314331

Covariance Matrix: 

            WTI Crude       XLE       DXY           HYG       CAD/JPY           TLT
WTI Crude   0.000409  0.000268 -0.000011  2.096220e-05  1.824849e-05 -2.096904e-05
XLE         0.000268  0.000484 -0.000010  3.044503e-05  1.768093e-05 -5.401848e-05
DXY        -0.000011 -0.000010  0.000010 -3.136385e-06 -1.152093e-06  2.718246e-06
HYG         0.000021  0.000030 -0.000003  9.331198e-06  7.836748e-07 -1.853983e-07
CAD/JPY     0.000018  0.000018 -0.000001  7.836748e-07  2.098177e-05 -9.251642e-06
TLT        -0.000021 -0.000054  0.000003 -1.853983e-07 -9.251642e-06  5.306956e-05 

Correlation Matrix of Returns: 

            WTI Crude       XLE       DXY       HYG   CAD/JPY       TLT
WTI Crude   1.000000  0.601653 -0.172743  0.339311  0.196986 -0.142326
XLE         0.601653  1.000000 -0.146983  0.452927  0.175414 -0.336977
DXY        -0.172743 -0.146983  1.000000 -0.317578 -0.077796  0.115413
HYG         0.339311  0.452927 -0.317578  1.000000  0.056007 -0.008331
CAD/JPY     0.196986  0.175414 -0.077796  0.056007  1.000000 -0.277252
TLT        -0.142326 -0.336977  0.115413 -0.008331 -0.277252  1.000000

Correlation Matrix of Prices: 

            WTI Crude       XLE       DXY       HYG   CAD/JPY       TLT
WTI Crude   1.000000  0.974680 -0.616809  0.891717  0.937389 -0.903747
XLE         0.974680  1.000000 -0.583406  0.851649  0.936147 -0.886922
DXY        -0.616809 -0.583406  1.000000 -0.838587 -0.544965  0.609205
HYG         0.891717  0.851649 -0.838587  1.000000  0.816025 -0.856201
CAD/JPY     0.937389  0.936147 -0.544965  0.816025  1.000000 -0.896357
TLT        -0.903747 -0.886922  0.609205 -0.856201 -0.896357  1.000000



