# Outputs

# Closing Prices

            WTI Crude        XOM         LQD        HYG         CVX         TLT
Date                                                                           
2020-07-01  39.820000  40.564713  131.472946  77.918556   82.920769  161.092316
2020-07-02  40.650002  40.908089  131.794968  78.491982   83.573753  161.259857
2020-07-06  40.630001  41.195782  132.136536  79.055862   83.819809  160.599426
2020-07-07  40.619999  40.128532  132.312210  78.530220   81.681023  162.856827
2020-07-08  40.900002  40.035728  132.097488  78.740486   81.718880  162.206223
2020-07-09  39.619999  38.383816  132.839218  78.568451   78.302490  164.788864
2020-07-10  40.549999  39.580990  132.595200  78.836060   80.658951  163.960846
2020-07-13  40.099998  39.590267  132.243866  78.405991   80.819832  164.503021
2020-07-14  40.290001  40.898808  133.014832  79.074974   83.611603  164.739624
2020-07-15  41.200001  41.418507  133.278351  79.524155   84.122650  163.970688
2020-07-16  40.750000  41.093697  133.649170  79.600624   83.621078  164.749466
2020-07-17  40.590000  40.388382  134.010269  79.820427   82.513832  164.404434
2020-07-20  40.810001  39.441780  134.381119  80.298271   80.696793  164.808609
2020-07-21  41.959999  41.437073  134.556793  80.670998   86.488571  164.907166
2020-07-22  41.900002  40.471909  134.995926  80.833473   86.157349  165.400055
2020-07-23  41.070000  40.555431  135.093506  80.776123   86.128960  167.332138
2020-07-24  41.290001  40.304863  134.790970  80.852600   85.296150  167.322266
2020-07-27  41.599998  40.898808  134.381119  81.043724   86.157349  166.701248
2020-07-28  41.040001  40.416225  134.244492  80.833473   84.330849  167.854553
2020-07-29  41.270000  40.861683  134.976395  81.282669   85.239372  167.568726
2020-07-30  39.919998  38.857113  134.830017  81.454681   81.643173  168.672775
2020-07-31  40.270000  39.052006  135.015457  81.607590   79.438126  168.564346
2020-08-03  41.009998  39.209770  135.196381  81.627747   80.261467  167.715652
2020-08-04  41.700001  40.341984  135.695129  81.598969   81.851379  169.314331
2020-08-05  42.189999  40.694637  135.509293  81.742897   82.523285  167.834061
2020-08-06  41.950001  40.499748  136.086319  81.925194   82.778816  168.771561
2020-08-07  41.220001  40.314137  135.704926  81.723701   82.144745  167.646561
2020-08-10  41.939999  41.307148  135.411530  81.762070   84.917603  166.896530
2020-08-11  41.610001  41.734047  134.560669  81.023232   84.813499  164.912979
2020-08-12  42.669998  41.724583  134.228165  81.042427   85.854507  163.412949
2020-08-13  42.240002  40.702522  133.015457  80.821716   85.002769  161.666229
2020-08-14  42.009998  40.882328  132.428680  80.677795   85.504356  161.034637
2020-08-17  42.889999  40.352371  132.702484  81.157570   85.901825  161.439224
2020-08-18  42.889999  40.153641  133.083908  81.282318   84.125801  162.593857
2020-08-19  42.930000  39.708855  132.731857  81.052032   82.935394  161.577393
2020-08-20  42.580002  39.103191  133.201263  81.320679   81.418571  163.037979
2020-08-21  42.340000  38.809822  133.445786  81.311096   81.677773  164.014938
2020-08-24  42.619999  39.954906  133.211075  81.685318   83.712997  163.748505
2020-08-25  43.349998  38.686798  132.634033  81.771675   82.685791  162.495178
2020-08-26  43.389999  37.863472  132.682953  81.762070   81.389771  161.873459
2020-08-27  43.040001  37.607960  131.626724  81.637344   81.514580  159.120178
2020-08-28  42.970001  38.506989  132.027679  81.704498   82.205780  159.001694
2020-08-31  42.610001  37.797226  132.614517  81.589355   80.573761  160.057663
2020-09-01  42.759998  37.314590  133.452484  82.033485   79.757759  161.888351
2020-09-02  41.509998  37.087463  133.981750  82.129822   79.863358  163.429581
2020-09-03  41.369999  37.011757  133.687698  81.619217   78.989738  163.893951
2020-09-04  39.770000  36.983368  132.266556  81.397652   78.653748  160.781860
2020-09-08  36.759998  36.131653  132.393951  80.944839   75.812111  161.769821
2020-09-09  38.049999  35.913994  132.482193  81.580688   76.829712  161.335083
2020-09-10  37.299999  35.014957  132.580200  81.195328   75.024895  162.155136
2020-09-11  37.330002  34.920326  132.678177  81.359100   74.583290  162.500900
2020-09-14  37.259998  34.693199  133.011475  81.272400   74.199295  162.491013
2020-09-15  38.279999  34.324123  133.158432  81.493980   73.296875  162.095840
2020-09-16  40.160000  35.781502  133.246674  81.493980   75.418503  161.611710
2020-09-17  40.970001  35.772038  133.276077  81.407280   75.639305  162.105743
2020-09-18  41.110001  35.194767  133.031036  81.204956   75.082497  161.601852
2020-09-21  39.310001  34.475536  132.903641  80.549843   73.248878  162.421860
2020-09-22  39.599998  33.623825  132.982040  80.829239   72.509666  162.293442
2020-09-23  39.930000  32.544983  132.021530  80.010361   69.072823  162.510788
2020-09-24  40.310001  32.478741  131.688278  80.058510   68.928825  163.133194
2020-09-25  40.250000  32.781574  131.551071  79.914001   68.957626  163.133194
2020-09-28  40.599998  33.415627  132.217560  80.434227   70.973648  162.668854
2020-09-29  39.290001  32.440884  132.050919  80.501678   69.024826  162.856598
2020-09-30  40.220001  32.488205  132.031326  80.829239   69.120827  161.295578
2020-10-01  38.720001  31.352583  132.398682  81.106911   67.604004  161.561630
2020-10-02  37.049999  31.210630  132.418335  81.106911   68.343216  160.958328
2020-10-05  39.220001  31.929859  131.976303  81.716461   69.792839  157.813354
2020-10-06  40.669998  31.598633  131.868256  81.532616   69.408836  158.663879
2020-10-07  39.950001  31.702732  131.907532  81.822876   70.829643  157.506760
2020-10-08  41.189999  33.368309  132.231705  82.006714   72.212067  158.357300
2020-10-09  40.599998  32.876209  132.536194  82.190529   71.040848  158.327621
2020-10-12  39.430000  32.772110  133.302399  82.606567   71.530464  158.832016
2020-10-13  40.200001  32.384106  133.174667  82.238914   70.464836  159.969360
2020-10-14  41.040001  32.317860  133.302399  82.035728   70.032845  160.335281
2020-10-15  40.959999  32.601768  133.164856  81.977676   70.570442  160.058350
2020-10-16  40.880001  32.270542  132.938934  81.880928   69.975243  159.613327
2020-10-19  40.830002  31.627024  132.683548  81.590683   68.429619  159.010010
2020-10-20  41.459999  31.892004  132.408524  81.880928   68.813622  157.496872
2020-10-21  40.029999  31.380972  132.192413  81.871262   68.036011  156.952927
2020-10-22  40.639999  32.989769  131.897751  82.016373   70.464836  155.321091
2020-10-23  39.849998  32.327320  132.231705  82.113136   69.668037  156.270523
2020-10-26  38.560001  31.560778  132.506744  81.387489   68.103210  157.724304
2020-10-27  39.570000  31.059214  133.046967  81.426201   66.730400  158.782578
2020-10-28  37.389999  29.876278  132.388855  80.748940   64.205566  158.930878
2020-10-29  36.169998  31.201166  132.045074  80.981140   66.048790  157.388062
2020-10-30  35.790001  30.869942  131.357513  81.155289   66.720795  155.835388
2020-11-02  36.810001  32.166443  131.872299  81.348656   69.264832  157.002640
2020-11-03  37.660000  31.617559  132.000259  82.048256   68.871216  156.091782
2020-11-04  39.150002  31.447216  133.978806  82.815880   68.900017  159.477783
2020-11-05  38.790001  31.390434  134.480804  83.107376   69.255226  159.754990
2020-11-06  37.139999  31.021358  134.057556  82.815880   68.304817  157.824371
2020-11-09  40.290001  34.948715  133.043686  83.447464   76.224915  154.507690
2020-11-10  41.360001  35.724060  132.699158  83.330872   79.748154  153.616638
2020-11-11  41.450001  35.355770  132.945236  83.301720   79.162544  154.171082
2020-11-12  41.119999  34.144291  133.476791  82.738144   77.444122  156.794739
2020-11-13  40.130001  34.968098  133.634277  83.019928   79.709755  156.586807
2020-11-16  41.340000  36.983994  134.067368  83.486336   85.402618  156.210587
2020-11-17  41.430000  37.478279  134.500504  83.515488   84.788918  157.230331
2020-11-18  41.820000  36.063271  134.785965  83.360008   82.100296  157.685791
2020-11-19  41.740002  36.247417  135.534042  83.641800   83.512802  158.497604
2020-11-20  42.150002  35.801594  135.415939  83.486336   83.571243  159.903488
2020-11-23  43.060001  38.147015  135.583298  83.612648   88.675720  159.170853
2020-11-24  44.910000  40.686275  135.278137  83.865295   93.147018  157.586761
2020-11-25  45.709999  39.552330  135.356873  83.826416   89.757019  157.101639
2020-11-27  45.709999  38.951435  135.839218  83.962456   88.948479  158.626312
2020-11-30  45.340000  36.954922  136.311676  83.875015   84.925301  158.428314
2020-12-01  44.549999  37.313519  135.794861  84.090599   85.188309  156.092361
2020-12-02  45.279999  38.709141  135.341156  84.324722   87.545723  154.853561
2020-12-03  45.639999  38.970821  135.873764  84.373505   87.477539  156.102264
2020-12-04  46.259998  40.395519  135.124207  84.724693   90.867531  153.812912
2020-12-07  45.759998  39.639557  135.242523  84.685677   88.412704  155.200424
2020-12-08  45.599998  40.938259  135.084747  84.617393   89.172531  155.933807
2020-12-09  45.520000  41.481003  134.591583  84.490562   88.100990  155.418457
2020-12-10  46.779999  42.653709  135.262268  84.646645   90.935715  156.796066
2020-12-11  46.570000  42.450184  135.400330  84.558853   90.058998  157.351028
2020-12-14  46.990002  40.918877  135.301727  84.578362   87.126846  156.914963
2020-12-15  47.619999  41.713604  135.568024  84.841751   87.058662  156.389725
2020-12-16  47.820000  42.353268  135.459503  84.714935   86.396248  155.973450
2020-12-17  48.360001  42.140045  135.657166  84.841301   86.123482  155.560730
2020-12-18  49.099998  41.413158  135.558334  84.909882   84.935036  155.094452
2020-12-21  47.740002  40.657200  135.291504  84.606209   83.863480  155.709534
2020-12-22  47.020000  39.969082  135.667053  84.713951   82.178230  156.513168
2020-12-23  48.119999  40.482746  135.696716  85.096001   83.473831  155.431763
2020-12-24  48.119999  40.317982  136.161224  85.272331   83.123138  156.046875
2020-12-28  47.619999  40.453671  136.250168  85.380089   82.704262  156.116318
2020-12-29  48.000000  39.998158  136.309479  85.272331   82.421761  155.917892
2020-12-30  48.400002  40.317982  136.487366  85.448654   83.123138  156.255188
2020-12-31  48.520000  39.949696  136.517029  85.517220   82.265900  156.483368
2021-01-04  47.619999  40.221066  135.825195  85.340889   82.519173  156.294891
2021-01-05  49.930000  42.159431  135.390350  85.370277   84.749947  155.134140
2021-01-06  50.630001  43.235222  134.293289  85.213539   87.477539  151.949524
2021-01-07  50.830002  43.574436  134.273529  85.458443   87.886673  150.610168
2021-01-08  52.240002  44.059025  134.174698  85.585793   88.724434  150.124054
2021-01-11  52.250000  45.396500  133.601456  85.125381   89.230988  149.876038
2021-01-12  53.209999  46.404449  133.888077  85.233131   90.925980  149.756973
2021-01-13  52.910000  46.927807  134.925812  85.487823   90.838310  151.443512
2021-01-14  53.570000  48.759560  134.342712  85.468224   93.020378  150.024841
2021-01-15  52.360001  46.414139  134.550262  85.331100   89.708305  150.620087
2021-01-19  52.980000  47.334862  134.787460  85.575989   92.065720  151.106216
2021-01-20  53.240002  48.003597  134.747910  85.732712   92.913223  151.255035
2021-01-21  53.130001  46.627361  134.214218  85.683746   89.630379  150.193527
2021-01-22  52.270000  45.968315  134.115387  85.517220   89.357620  150.679642
2021-01-25  52.770000  45.454651  134.688629  85.536804   88.549088  152.455475
2021-01-26  52.610001  44.456390  134.678741  85.409470   87.048920  152.167770
2021-01-27  52.849998  43.952419  134.441528  85.164558   85.918915  152.554703
2021-01-28  52.340000  44.640541  134.224106  85.419258   86.717705  151.711380
2021-01-29  52.200001  43.458134  134.016571  85.193954   82.996498  150.798676
2021-02-01  53.549999  43.535667  134.280975  85.467270   84.175209  150.973495
2021-02-02  54.759998  44.223789  133.924484  85.673737   84.808395  150.000107
2021-02-03  55.689999  45.958622  133.607590  85.742561   86.659264  148.669159
2021-02-04  56.230000  46.840584  133.835327  85.919533   86.698227  148.271866
2021-02-05  56.849998  48.410656  133.478851  86.047340   86.951508  147.030273
2021-02-08  57.970001  50.494396  134.053192  86.302971   89.114090  147.675888
2021-02-09  58.360001  49.903015  133.845261  86.145676   88.607536  147.785156
2021-02-10  58.680000  50.385975  134.162125  86.125999   90.127190  148.768463
2021-02-11  58.240002  49.124355  133.805634  86.165337   89.640114  147.954010
2021-02-12  59.470001  49.794594  133.369919  86.302971   90.156418  146.116516
2021-02-16  60.049999  51.292767  132.429169  86.165337   92.003799  143.891632
2021-02-17  61.139999  52.091133  133.092621  86.135841   94.760063  144.805420
2021-02-18  60.520000  51.273056  132.835144  86.017845   93.851189  144.219406
2021-02-19  59.240002  51.618027  131.874603  86.027687   94.641518  142.302460
2021-02-22  61.490002  53.520317  131.052673  85.762238   97.200195  141.219788
2021-02-23  61.669998  54.259548  131.151718  85.968697   98.425194  140.812576
2021-02-24  63.220001  55.885857  131.349747  86.057182  102.060692  139.888855
2021-02-25  63.529999  54.959351  129.270187  85.241142  101.112305  137.604385
2021-02-26  61.500000  53.589310  130.983353  84.985535   98.790726  142.153427
2021-03-01  60.639999  55.590164  131.111359  85.939636  100.815933  140.275925
2021-03-02  59.750000  55.264900  130.962524  85.811371  101.201218  140.285904
2021-03-03  61.279999  55.708439  129.990082  85.535103  102.337303  138.764389
2021-03-04  63.830002  57.866993  128.928314  85.209503  103.236305  137.869400
2021-03-05  66.089996  60.055119  128.759613  85.466034  107.681885  138.137894
2021-03-08  65.050003  59.995979  127.558960  84.844429  108.422821  137.063904
2021-03-09  64.010002  59.069477  128.521500  84.962822  108.175842  138.963287
2021-03-10  64.440002  60.883057  129.126785  85.229225  110.023232  139.241730
2021-03-11  66.019997  60.429661  129.206177  85.544968  109.845406  138.237335
2021-03-12  65.610001  61.080185  127.717735  85.308167  110.210930  135.303741
2021-03-15  65.389999  59.522869  128.154327  85.318039  108.916771  136.099304
2021-03-16  64.800003  58.261250  128.065033  85.120697  106.338333  135.552368
2021-03-17  64.599998  58.517517  128.184097  85.239105  106.723618  134.538010
2021-03-18  60.000000  55.994278  127.449814  84.587891  102.860901  133.175644
2021-03-19  61.419998  55.678871  127.638351  84.913490  102.129845  134.001022
2021-03-22  61.549999  55.107197  128.094788  85.219368  101.300011  135.502609
2021-03-23  57.759998  54.427109  128.471878  85.308167  100.736900  136.725815
2021-03-24  61.180000  55.531025  128.858871  85.357498  103.433884  137.461685
2021-03-25  58.560001  55.373322  128.710022  85.505516  103.799416  136.377747
2021-03-26  60.970001  56.881351  128.620697  85.762039  106.180275  135.900421
2021-03-29  61.560001  56.575806  128.313095  85.811371  105.627037  134.746857
2021-03-30  60.549999  55.875996  128.710022  85.604179  104.649010  135.452911
2021-03-31  59.160000  55.028351  129.047394  86.018578  103.522797  134.697128
2021-04-01  61.450001  56.565948  129.856705  86.200737  104.471191  136.932709
2021-04-05  58.650002  55.688728  129.220398  86.240334  103.246185  136.335236
2021-04-06  59.330002  55.531025  130.085358  86.388847  102.327431  137.261322
2021-04-07  59.770000  55.777435  129.826874  86.359138  102.930054  136.305359
2021-04-08  59.599998  55.195908  130.304092  86.388847  101.774200  137.430618
2021-04-09  59.320000  55.067772  130.035675  86.329430  101.675407  136.932709
2021-04-12  59.700001  54.703087  130.005829  86.240334  100.549194  136.872955
2021-04-13  60.180000  54.910069  130.582489  86.299728  101.003632  137.898651
2021-04-14  63.150002  56.496952  130.403519  86.260139  103.009087  137.460480
2021-04-15  63.459999  56.161835  131.208847  86.606644  102.169365  139.760788
2021-04-16  63.130001  55.846428  130.314056  86.428444  101.714928  138.675369
2021-04-19  63.380001  55.669014  129.975998  86.289848  102.011299  138.277039
2021-04-20  62.439999  54.496101  130.224548  86.141327  100.104645  138.914352
2021-04-21  61.349998  55.195908  130.671967  86.428444  101.487717  139.193192
2021-04-22  61.430000  54.476387  130.801224  86.270035   99.729233  139.800613
2021-04-23  62.139999  54.772079  130.910583  86.497742  100.321983  139.472000
2021-04-26  61.910000  54.880501  130.850937  86.458138  100.292336  139.272842
2021-04-27  62.939999  55.600018  130.264328  86.339340  101.458069  138.057968
2021-04-28  63.860001  57.275608  130.284225  86.507645  103.947601  138.147583
2021-04-29  65.010002  58.093689  130.125137  86.606644  105.607285  137.739319
2021-04-30  63.580002  56.418102  130.393585  86.567047  101.823601  138.057968
2021-05-03  64.489998  57.975414  130.707382  86.600815  104.253845  138.140747
2021-05-04  65.690002  58.340099  130.787079  86.551147  104.826836  139.078186
2021-05-05  65.629997  60.094543  130.946457  86.720024  107.642372  139.307541
2021-05-06  64.709999  60.666214  131.195496  86.690216  107.701645  139.536911
2021-05-07  64.900002  61.533581  131.245316  86.749817  108.689552  138.848801
2021-05-10  64.919998  61.681427  130.538025  86.551147  108.244995  137.442673
2021-05-11  65.279999  59.720001  130.059875  86.461746  105.409698  136.664780
2021-05-12  66.080002  60.040001  129.352600  86.044540  106.071602  135.228745
2021-05-13  63.820000  59.299999  129.840714  86.352470  105.389946  135.438156
2021-05-14  65.370003  60.770000  130.547989  86.630615  108.146202  136.704681
2021-05-17  66.269997  62.189999  130.398575  86.471680  109.470001  136.415482
2021-05-18  65.489998  60.430000  129.970230  86.263069  106.180000  136.066452
2021-05-19  63.360001  58.980000  129.741104  86.034599  103.199997  135.737350
2021-05-20  62.049999  58.840000  130.627686  86.402153  103.559998  136.854263
2021-05-21  63.580002  58.919998  130.717346  86.531281  104.120003  137.293076
2021-05-24  66.050003  59.610001  131.075974  86.630615  105.599998  137.801666
2021-05-25  66.070000  58.259998  131.564102  86.640556  103.870003  139.078186
2021-05-26  66.209999  58.939999  131.494354  86.670349  104.120003  138.838821
2021-05-27  66.849998  58.560001  131.095886  86.630615  103.010002  138.280365
2021-05-28  66.320000  58.369999  131.205475  86.600815  103.790001  138.060974
2021-06-01  67.720001  60.459999  131.222443  86.860954  106.650002  138.030014
2021-06-02  68.830002  60.939999  131.432037  86.970589  108.080002  138.349579
2021-06-03  68.809998  61.180000  130.913025  86.791183  107.589996  137.830261
2021-06-04  69.620003  61.450001  131.841263  86.980545  108.449997  139.717789
2021-06-07  69.230003  61.049999  131.731476  87.010452  107.750000  139.288361
2021-06-08  70.050003  62.130001  132.230530  87.070251  108.730003  140.267075
2021-06-09  69.959999  62.650002  132.709641  87.140022  107.779999  141.505478
2021-06-10  70.290001  62.750000  133.308502  87.299484  108.410004  142.354355
2021-06-11  70.910004  62.169998  133.418289  87.329391  107.910004  142.124664
2021-06-14  70.879997  62.070000  132.929214  87.249657  107.970001  141.036087
2021-06-15  72.120003  64.330002  133.029022  87.239685  110.300003  140.866302
2021-06-16  72.150002  64.099998  132.649734  87.120094  109.669998  140.746445
2021-06-17  71.040001  61.990002  133.388351  87.179886  107.070000  142.853699
2021-06-18  71.639999  60.400002  134.087036  87.140022  103.029999  145.540207
2021-06-21  73.660004  62.590000  133.308502  87.309456  106.050003  143.103378
2021-06-22  73.059998  63.790001  133.528091  87.369263  106.400002  143.452927
2021-06-23  73.080002  64.260002  133.318497  87.279556  106.269997  143.083420
2021-06-24  73.300003  64.519997  133.578003  87.548660  107.139999  143.313110
2021-06-25  74.050003  64.660004  133.228653  87.638359  107.300003  141.825043
2021-06-28  72.910004  63.009998  133.797577  87.628395  103.989998  143.283157
2021-06-29  72.980003  62.619999  133.957291  87.738029  103.760002  143.522842
2021-06-30  73.470001  63.080002  134.106995  87.748001  104.739998  144.162018
2021-07-01  75.230003  63.259998  133.990005  87.919998  106.209999  144.169998
2021-07-02  75.160004  63.259998  133.990005  87.919998  106.209999  144.169998


# Descriptive Statistics

WTI Crude         XOM         LQD         HYG         CVX         TLT
count  254.000000  254.000000  254.000000  254.000000  254.000000  254.000000
mean    52.036339   46.277884  132.655988   84.073568   89.809699  151.078108
std     11.437348   10.487898    2.105940    2.487378   12.973937   10.591098
min     35.790001   29.876278  127.449814   77.918556   64.205566  133.175644
25%     41.192499   38.206215  131.197990   81.649338   81.651823  139.488228
50%     48.460001   42.256350  132.916428   85.040768   87.302193  154.339386
75%     62.364999   55.883391  134.221634   86.191887  103.009773  160.266048
max     75.230003   64.660004  136.517029   87.919998  110.300003  169.314331

Covariance Matrix: 

               WTI Crude       XOM           LQD           HYG       CVX           TLT
WTI Crude  4.681029e-04  0.000283 -4.448572e-07  2.387008e-05  0.000252 -2.390413e-05
XOM        2.832767e-04  0.000541 -1.015425e-05  2.712451e-05  0.000444 -5.701209e-05
LQD       -4.448572e-07 -0.000010  1.500289e-05  5.522706e-06 -0.000006  2.382236e-05
HYG        2.387008e-05  0.000027  5.522706e-06  1.067140e-05  0.000030 -1.873716e-07
CVX        2.518764e-04  0.000444 -6.168093e-06  3.006337e-05  0.000445 -5.110633e-05
TLT       -2.390413e-05 -0.000057  2.382236e-05 -1.873716e-07 -0.000051  6.084016e-05 

# Min Risk

[       Returns  Volatility  WTI Crude Weight  XOM Weight  LQD Weight  HYG Weight  CVX Weight  TLT Weight
2293  0.027422    0.003365           0.01507    0.012086     0.00083    0.645384    0.018732    0.307897]

# Max Return

[       Returns  Volatility  WTI Crude Weight  XOM Weight  LQD Weight  HYG Weight  CVX Weight  TLT Weight
2800  0.205703    0.017256          0.439398    0.408707    0.009929    0.032522    0.031603     0.07784]
